AA	6	123.72	20.62
AK	7581	563921.3800000008	74.38614694631326
AL	177256	6416219.460000048	36.1974740488336
AR	112893	3734903.8900000365	33.08357373796459
AZ	195929	8125840.270000034	41.473392249233314
Albania	5	30.339999999999996	6.068
Algeria	8	143.01999999999998	17.877499999999998
Andorra	32	778.51	24.3284375
Antigua and Barbuda	16	630.0500000000001	39.378125000000004
Argentina	95	3727.2799999999984	39.23452631578946
Aruba	527	14445.26999999999	27.410379506641345
Australia	569	23551.049999999992	41.390246045694184
Austria	613	20840.57999999999	33.997683523654146
Azerbaijan	2	10.52	5.26
Bahrain	14	1086.0500000000002	77.57500000000002
Bangladesh	31	445.28999999999996	14.364193548387096
Barbados	123	4622.87	37.58430894308943
Belgium	253	7737.889999999992	30.584545454545424
Belize	21	592.87	28.23190476190476
Benin	5	172.04000000000002	34.408
Bosnia and Herzegovina	54	1470.58	27.23296296296296
Brazil	803	26067.320000000036	32.462415940224204
Brunei	3	128.83000000000004	42.94333333333335
Burkina Faso	13	308.23	23.71
CA	1427009	59079110.15999962	41.400657010572196
CO	168010	8451649.589999912	50.30444372358736
CT	136948	6593243.750000069	48.144140476677784
Cabo Verde	35	464.81999999999994	13.280571428571427
Cameroon	15	1413.3000000000002	94.22000000000001
Canada	10647	358294.83999999915	33.65218747064893
Chile	87	3832.9700000000007	44.057126436781616
China	2908	108447.00000000015	37.29264099037144
Colombia	862	26072.17000000001	30.246136890951288
Costa Rica	712	21692.929999999982	30.467598314606718
Cote d'Ivoire	80	1926.4400000000007	24.080500000000008
Croatia	31	839.43	27.078387096774193
Cyprus	8	495.1	61.8875
Czech Republic	454	19074.609999999986	42.01455947136561
DC	13174	591393.7099999989	44.89097540610285
DE	32459	981655.5799999977	30.24293970855534
Denmark	369	15080.929999999984	40.86972899728993
Dominican Republic	1559	57559.32000000004	36.92066709429124
East Timor (Timor-Leste)	19	526.4	27.705263157894734
Ecuador	26	788.0799999999999	30.31076923076923
Egypt	149	4251.580000000002	28.534093959731557
Equatorial Guinea	3	229.24	76.41333333333334
Eritrea	24	449.8299999999999	18.742916666666662
Estonia	22	840.29	38.195
Ethiopia	3	43.5	14.5
FL	701580	28600569.360000808	40.76594167450727
Fiji	8	146.7	18.3375
Finland	185	7851.090000000002	42.438324324324334
France	2836	99789.7	35.18677715091678
GA	368177	13616085.390000278	36.9824442863087
Gabon	3	115.45	38.483333333333334
Georgia	34	1425.21	41.91794117647059
Germany	3025	109560.0500000001	36.218198347107474
Ghana	29	1358.5500000000002	46.84655172413794
Greece	403	15074.579999999996	37.40590570719602
Guatemala	27	1503.98	55.702962962962964
Guinea	6	307.39	51.23166666666666
Guyana	6	136.89	22.814999999999998
HI	76146	3523024.6600000267	46.26670685262557
Haiti	386	32371.710000000014	83.86453367875652
Honduras	59	2677.79	45.38627118644068
Hong Kong	602	21249.46999999999	35.298122923588025
Hungary	269	11177.139999999998	41.55070631970259
IA	161257	5392280.780000035	33.439049343594604
ID	55887	2243056.1300000027	40.13556157961606
IL	467907	19498676.530000057	41.67211973746932
IN	312453	11280875.430000022	36.10423145241052
Iceland	40	1817.7600000000004	45.44400000000001
India	1608	64045.1800000001	39.82909203980106
Indonesia	194	7617.389999999999	39.26489690721649
Iran	26	180.69	6.9496153846153845
Iraq	6	130.58999999999997	21.764999999999997
Ireland	958	33911.83000000001	35.39856993736953
Israel	941	29369.889999999996	31.21136025504782
Italy	7080	455984.1500000003	64.40454096045202
Jamaica	1176	35605.21999999999	30.27654761904761
Japan	2107	82985.75	39.385738016136685
Jordan	14	482.8500000000001	34.48928571428572
KS	99436	4229993.730000023	42.539862122370394
KY	170007	6917461.990000077	40.68927744151757
Kenya	115	4793.02	41.6784347826087
Kosovo	13	384.5799999999999	29.583076923076916
Kyrgyzstan	14	323.19000000000005	23.085000000000004
LA	159707	6379932.910000056	39.947734977177305
Latvia	32	631.2099999999999	19.725312499999998
Lebanon	8	476.9399999999999	59.617499999999986
Liberia	38	1422.45	37.43289473684211
Lithuania	45	1417.8400000000001	31.50755555555556
Luxembourg	83	4225.26	50.90674698795181
MA	166454	8888051.489999998	53.39644280101408
MD	193768	9650531.309999987	49.8045668531439
ME	43107	1930617.6399999987	44.78663882896046
MI	397951	15050181.950000228	37.81918364321293
MN	178792	7844064.8599999165	43.872571815293284
MO	195847	6343885.739999775	32.39204961015372
MS	133040	3702774.0100000217	27.832035553217242
MT	27577	925924.3000000012	33.575961852268236
Macedonia	128	3603.6299999999997	28.153359374999997
Malaysia	150	5875.160000000001	39.16773333333334
Maldives	28	1538.6399999999999	54.951428571428565
Mali	12	115.19999999999999	9.6
Malta	6	197.67999999999995	32.94666666666666
Marshall Islands	11	99.41999999999999	9.038181818181817
Mexico	27400	889505.9899999971	32.463722262773615
Micronesia	21	266.09999999999997	12.671428571428569
Moldova	15	225.95000000000007	15.063333333333338
Monaco	7	62.96000000000001	8.994285714285715
Mongolia	39	1683.6799999999998	43.17128205128205
Montenegro	22	866.86	39.402727272727276
Morocco	31	1098.87	35.44741935483871
Mozambique	16	457.8900000000001	28.618125000000006
Myanmar (Burma)	16	611.75	38.234375
NC	429398	16789110.2800001	39.0991813655399
ND	22835	974274.1399999958	42.66582614407689
NE	54723	2169008.4800000065	39.6361398315152
NH	56516	2385280.44	42.20540094840399
NJ	322213	14904002.419999918	46.25512446735519
NM	109640	3523594.3199999747	32.137854067858214
NV	88641	4715780.629999981	53.20089608646091
NY	857469	39718871.539998606	46.32105830064831
Nauru	54	2305.3999999999996	42.69259259259258
Netherlands	1498	61100.75000000002	40.788217623498014
New Zealand	206	7632.5199999999995	37.051067961165046
Niger	22	610.51	27.750454545454545
Nigeria	54	1931.6999999999998	35.77222222222222
Norway	365	16236.009999999997	44.48221917808218
OH	484100	16223691.129999932	33.51309880190029
OK	159898	6297449.389999987	39.38416609338445
OR	99921	3706100.859999967	37.0903099448561
Oman	85	3036.999999999999	35.72941176470587
PA	417742	18232986.100000296	43.64652369165728
Pakistan	403	14206.339999999993	35.2514640198511
Panama	14	487.80000000000007	34.84285714285715
Papua New Guinea	20	373.2699999999999	18.663499999999996
Peru	491	17002.930000000004	34.629185336048884
Philippines	664	20049.73000000002	30.19537650602413
Poland	252	9575.090000000002	37.996388888888895
Portugal	369	16456.169999999984	44.59666666666662
Qatar	22	670.08	30.45818181818182
RI	53963	2605538.020000005	48.28378740989206
Republic of the Congo	10	429.25	42.925
Romania	50	901.7900000000002	18.035800000000005
Russia	227	9799.79	43.17088105726873
SC	172742	6052633.600000036	35.038575447777816
SD	31088	1137423.3299999987	36.587214680905774
Saint Vincent and the Grenadines	10	227.51	22.750999999999998
Samoa	9	1108.19	123.13222222222223
Saudi Arabia	156	6333.899999999995	40.60192307692304
Senegal	13	792.12	60.932307692307695
Serbia	55	2186.4499999999994	39.75363636363635
Seychelles	22	517.92	23.54181818181818
Sierra Leone	13	292.08000000000004	22.46769230769231
Singapore	121	5234.299999999998	43.2586776859504
Slovakia	39	1944.05	49.84743589743589
Slovenia	51	3414.02	66.94156862745098
Solomon Islands	3	33.35	11.116666666666667
South Africa	339	14230.76999999999	41.97867256637165
South Korea	1153	48815.679999999986	42.337970511708576
South Sudan	12	855.65	71.30416666666666
Spain	1651	64457.98000000003	39.041780738946116
Sri Lanka	55	1309.0599999999997	23.801090909090902
Sudan	8	499.37000000000006	62.42125000000001
Suriname	3	69.88	23.293333333333333
Swaziland	9	85.97999999999999	9.553333333333333
Sweden	224	10521.649999999994	46.97165178571426
Switzerland	1091	42033.119999999995	38.52714940421631
TN	284689	12716535.089999903	44.66816452339185
TX	1010153	42474206.23000214	42.04729999317147
Taiwan	962	37700.64000000001	39.189854469854474
Thailand	461	17237.780000000006	37.392147505423004
The Bahamas	994	30240.80000000001	30.42334004024146
Tonga	2	4.33	2.165
Trinidad and Tobago	13	120.82000000000001	9.293846153846154
Tunisia	4	183.67000000000002	45.917500000000004
Turkey	75	2833.79	37.78386666666667
Tuvalu	5	239.71000000000004	47.94200000000001
UT	37647	1562708.2000000023	41.50950142109603
Ukraine	82	2198.64	26.812682926829268
United Arab Emirates	300	11221.300000000008	37.40433333333336
United Kingdom	4482	169474.49000000002	37.812246764837134
Uruguay	46	1347.0	29.282608695652176
Uzbekistan	14	639.45	45.675000000000004
VA	230669	12112352.16999961	52.50966610164179
VT	23771	829964.4200000052	34.91499810693724
Vanuatu	14	291.12	20.794285714285714
Vatican City	101	2359.6300000000006	23.362673267326738
Venezuela	9	404.93	44.992222222222225
Vietnam	73	2538.6	34.775342465753425
WA	286517	10601321.45000044	37.0006716878944
WI	172262	7123701.040000025	41.35387398265448
WV	56916	1753327.4400000034	30.805528146742628
WY	8747	393408.8900000016	44.9764364925119
Yemen	11	431.44	39.22181818181818
Zambia	18	1093.88	60.77111111111112
Zimbabwe	16	942.3100000000001	58.894375000000004
